[gd_scene load_steps=6 format=3 uid="uid://urskd6n21151"]

[ext_resource type="PackedScene" uid="uid://4kprksxhy6hn" path="res://scenes/map.tscn" id="1_rwgxs"]
[ext_resource type="PackedScene" uid="uid://bccskpta0aovn" path="res://scenes/camera.tscn" id="2_4wyf3"]

[sub_resource type="ProceduralSkyMaterial" id="ProceduralSkyMaterial_uwrxv"]
sky_horizon_color = Color(0.662243, 0.671743, 0.686743, 1)
ground_horizon_color = Color(0.662243, 0.671743, 0.686743, 1)

[sub_resource type="Sky" id="Sky_yqjtg"]
sky_material = SubResource("ProceduralSkyMaterial_uwrxv")

[sub_resource type="Environment" id="Environment_lnu2h"]
background_mode = 2
sky = SubResource("Sky_yqjtg")
tonemap_mode = 2

[node name="Game" type="Node3D"]

[node name="DirectionalLight3D" type="DirectionalLight3D" parent="."]
transform = Transform3D(-0.866024, -0.433016, 0.250001, 0, 0.499998, 0.866026, -0.500003, 0.749999, -0.43301, 0, 50, 0)
shadow_enabled = true

[node name="WorldEnvironment" type="WorldEnvironment" parent="."]
environment = SubResource("Environment_lnu2h")

[node name="map" parent="." instance=ExtResource("1_rwgxs")]
transform = Transform3D(0.707107, 0, 0.707107, 0, 1, 0, -0.707107, 0, 0.707107, 0.576479, 0.41551, -0.680323)

[node name="camera" parent="." instance=ExtResource("2_4wyf3")]
transform = Transform3D(1, 0, 0, 0, 0.5, 0.866025, 0, -0.866025, 0.5, 0, 29, 0)
